E0 00 00 0E E0 00 | 
6300 06 03 00 00 00 | 
6401 06 04 00 01 01 | 
65EE 06 05 0E EE 0E | 
35EE 03 05 0E EE 0E | 
1310 01 03 01 10 00 | 
6300 06 03 00 00 00 | 
6402 06 04 00 02 02 | 
65EE 06 05 0E EE 0E | 
66EE 06 06 0E EE 0E | 
5560 05 05 06 60 00 | 
1310 01 03 01 10 00 | 
6300 06 03 00 00 00 | 
6403 06 04 00 03 03 | 
65EE 06 05 0E EE 0E | 
45FD 04 05 0F FD 0D | 
1310 01 03 01 10 00 | 
6300 06 03 00 00 00 | 
6404 06 04 00 04 04 | 
65EE 06 05 0E EE 0E | 
7501 07 05 00 01 01 | 
35EF 03 05 0E EF 0F | 
1310 01 03 01 10 00 | 
6300 06 03 00 00 00 | 
6405 06 04 00 05 05 | 
6F01 06 0F 00 01 01 | 
65EE 06 05 0E EE 0E | 
66EF 06 06 0E EF 0F | 
8565 08 05 06 65 05 | 
3F00 03 0F 00 00 00 | 
1310 01 03 01 10 00 | 
6300 06 03 00 00 00 | 
6406 06 04 00 06 06 | 
6F00 06 0F 00 00 00 | 
65EF 06 05 0E EF 0F | 
66EE 06 06 0E EE 0E | 
8565 08 05 06 65 05 | 
3F01 03 0F 00 01 01 | 
1310 01 03 01 10 00 | 
6F00 06 0F 00 00 00 | 
6300 06 03 00 00 00 | 
6407 06 04 00 07 07 | 
65EE 06 05 0E EE 0E | 
66EF 06 06 0E EF 0F | 
8567 08 05 06 67 07 | 
3F01 03 0F 00 01 01 | 
1310 01 03 01 10 00 | 
6300 06 03 00 00 00 | 
6408 06 04 00 08 08 | 
6F01 06 0F 00 01 01 | 
65EF 06 05 0E EF 0F | 
66EE 06 06 0E EE 0E | 
8567 08 05 06 67 07 | 
3F00 03 0F 00 00 00 | 
1310 01 03 01 10 00 | 
6300 06 03 00 00 00 | 
6409 06 04 00 09 09 | 
65F0 06 05 0F F0 00 | 
660F 06 06 00 0F 0F | 
8561 08 05 06 61 01 | 
35FF 03 05 0F FF 0F | 
1310 01 03 01 10 00 | 
6301 06 03 00 01 01 | 
6400 06 04 00 00 00 | 
65F0 06 05 0F F0 00 | 
660F 06 06 00 0F 0F | 
8562 08 05 06 62 02 | 
3500 03 05 00 00 00 | 
1310 01 03 01 10 00 | 
6301 06 03 00 01 01 | 
6401 06 04 00 01 01 | 
65F0 06 05 0F F0 00 | 
660F 06 06 00 0F 0F | 
8563 08 05 06 63 03 | 
35FF 03 05 0F FF 0F | 
1310 01 03 01 10 00 | 
6F00 06 0F 00 00 00 | 
6301 06 03 00 01 01 | 
6402 06 04 00 02 02 | 
6581 06 05 08 81 01 | 
850E 08 05 00 0E 0E | 
3F01 03 0F 00 01 01 | 
1310 01 03 01 10 00 | 
6301 06 03 00 01 01 | 
6403 06 04 00 03 03 | 
6F01 06 0F 00 01 01 | 
6547 06 05 04 47 07 | 
850E 08 05 00 0E 0E | 
3F00 03 0F 00 00 00 | 
1310 01 03 01 10 00 | 
6301 06 03 00 01 01 | 
6404 06 04 00 04 04 | 
6F00 06 0F 00 00 00 | 
6501 06 05 00 01 01 | 
8506 08 05 00 06 06 | 
3F01 03 0F 00 01 01 | 
1310 01 03 01 10 00 | 
6301 06 03 00 01 01 | 
6405 06 04 00 05 05 | 
6F01 06 0F 00 01 01 | 
6502 06 05 00 02 02 | 
8506 08 05 00 06 06 | 
3F00 03 0F 00 00 00 | 
1310 01 03 01 10 00 | 
6301 06 03 00 01 01 | 
6406 06 04 00 06 06 | 
6015 06 00 01 15 05 | 
6178 06 01 07 78 08 | 
A3D0 0A 03 0D D0 00 | 
F155 0F 01 05 55 05 | 
F165 0F 01 06 65 05 | 
3015 03 00 01 15 05 | 
1310 01 03 01 10 00 | 
3178 03 01 07 78 08 | 
1310 01 03 01 10 00 | 
6301 06 03 00 01 01 | 
6407 06 04 00 07 07 | 
608A 06 00 08 8A 0A | 
A3D0 0A 03 0D D0 00 | 
F033 0F 00 03 33 03 | 
A3D0 0A 03 0D D0 00 | 
F065 0F 00 06 65 05 | 
3001 03 00 00 01 01 | 
1310 01 03 01 10 00 | 
6001 06 00 00 01 01 | 
F01E 0F 00 01 1E 0E | 
F065 0F 00 06 65 05 | 
3003 03 00 00 03 03 | 
1310 01 03 01 10 00 | 
6001 06 00 00 01 01 | 
F01E 0F 00 01 1E 0E | 
F065 0F 00 06 65 05 | 
3008 03 00 00 08 08 | 
1310 01 03 01 10 00 | 
1332 01 03 03 32 02 | 
130E 01 03 00 0E 0E | 
A32A 0A 03 02 2A 0A | 
6013 06 00 01 13 03 | 
6109 06 01 00 09 09 | 
D018 0D 00 01 18 08 | 
F329 0F 03 02 29 09 | 
6022 06 00 02 22 02 | 
610B 06 01 00 0B 0B | 
D015 0D 00 01 15 05 | 
F429 0F 04 02 29 09 | 
6028 06 00 02 28 08 | 
610B 06 01 00 0B 0B | 
D015 0D 00 01 15 05 | 
130E 01 03 00 0E 0E | 
FFF0 0F 0F 0F F0 00 | 
F0FF 0F 00 0F FF 0F | 
F0F0 0F 00 0F F0 00 | 
F0FF 0F 00 0F FF 0F | 
A358 0A 03 05 58 08 | 
6015 06 00 01 15 05 | 
610B 06 01 00 0B 0B | 
6308 06 03 00 08 08 | 
D018 0D 00 01 18 08 | 
7008 07 00 00 08 08 | 
F31E 0F 03 01 1E 0E | 
302D 03 00 02 2D 0D | 
133A 01 03 03 3A 0A | 
A370 0A 03 07 70 00 | 
6002 06 00 00 02 02 | 
6118 06 01 01 18 08 | 
6308 06 03 00 08 08 | 
D018 0D 00 01 18 08 | 
7005 07 00 00 05 05 | 
F31E 0F 03 01 1E 0E | 
303E 03 00 03 3E 0E | 
134C 01 03 04 4C 0C | 
130E 01 03 00 0E 0E | 
F088 0F 00 08 88 08 | 
88F0 08 08 0F F0 00 | 
8888 08 08 08 88 08 | 
88F0 08 08 0F F0 00 | 
7884 07 08 08 84 04 | 
8484 08 04 08 84 04 | 
8484 08 04 08 84 04 | 
8478 08 04 07 78 08 | 
84C4 08 04 0C C4 04 | 
A494 0A 04 09 94 04 | 
8C84 08 0C 08 84 04 | 
8484 08 04 08 84 04 | 
C0A0 0C 00 0A A0 00 | 
A0C0 0A 00 0C C0 00 | 
A0A0 0A 00 0A A0 00 | 
C000 0C 00 00 00 00 | 
00 00 00 00 00 00 | 
A0A0 0A 00 0A A0 00 | 
E020 0E 00 02 20 00 | 
20E0 02 00 0E E0 00 | 
00 00 00 00 00 00 | 
00 00 00 00 00 00 | 
00 00 00 00 00 00 | 
00 00 00 00 00 00 | 
C0A0 0C 00 0A A0 00 | 
A0C0 0A 00 0C C0 00 | 
A0A0 0A 00 0A A0 00 | 
C000 0C 00 00 00 00 | 
00 00 00 00 00 00 | 
60A0 06 00 0A A0 00 | 
C080 0C 00 08 80 00 | 
6000 06 00 00 00 00 | 
00 00 00 00 00 00 | 
6080 06 00 08 80 00 | 
4020 04 00 02 20 00 | 
C000 0C 00 00 00 00 | 
8080 08 00 08 80 00 | 
C080 0C 00 08 80 00 | 
8080 08 00 08 80 00 | 
6000 06 00 00 00 00 | 
E080 0E 00 08 80 00 | 
8080 08 00 08 80 00 | 
8080 08 00 08 80 00 | 
E000 0E 00 00 00 00 | 
00 00 00 00 00 00 | 
40A0 04 00 0A A0 00 | 
A0A0 0A 00 0A A0 00 | 
4000 04 00 00 00 00 | 
2020 02 00 02 20 00 | 
2060 02 00 06 60 00 | 
A0A0 0A 00 0A A0 00 | 
6000 06 00 00 00 00 | 
00 00 00 00 00 00 | 
60A0 06 00 0A A0 00 | 
C080 0C 00 08 80 00 | 
6000 06 00 00 00 00 | 
00 00 00 00 00 00 | 
60 00 00 06 60 00 | 
4040 04 00 04 40 00 | 
5000 05 00 00 00 00 | 
00 00 00 00 00 00 | 
00 00 00 00 00 00 | 
00 00 00 00 00 00 | 
